601
2418
26

602
1492
11

592
1913
16

602
1519
11

602
1487
12

570
1418
8

603
1826
9

570
1482
10

571
1362
8

601
1310
8

591
2206
11

593
1758
8

592
1748
10

602
1426
8

593
1324
7

591
1340
9

599
1829
9

571
1314
7

594
1387
9

593
1369
10

571
1508
10

601
1747
12

601
1696
12

601
1730
7

600
1444
10

571
1283
6

600
1342
11

569
1509
10

595
1919
10

601
1401
8

591
1411
8

569
2511
12

569
1529
11

569
1279
5

593
1514
10

569
1402
4

603
1511
8

594
1510
8

602
2045
7

594
1464
10

600
1408
10

601
1346
7

569
1434
8

570
1467
8

571
1326
7

569
1317
8

594
1425
8

595
1425
9

600
1481
11

